
# Please make this file available to others
# by sending it to <lirc@bartelmus.de>
#
# this config file was automatically generated
# using lirc-0.9.0-pre1(default) on Thu Mar  9 11:03:26 2017
#
# contributed by 
#
# brand:                       test2.conf
# model no. of remote control: 
# devices being controlled by this remote:
#

begin remote

  name  proxima_ls1
  flags RAW_CODES|CONST_LENGTH
  eps            30
  aeps          100

  gap          66674
  suppress_repeat 3

      begin raw_codes

          name KEY_F1
             9055    4413     629     494     582     538
              559     534     590     530     586    1653
              592    1650     590     530     569     578
              537    1650     590    1649     592    1651
              560    1655     598     521     589     531
              587    1654     589    1676     539     531
              584     535     591     530     588    1654
              584     534     559     540     585     531
              585    1683     584    1630     599    1644
              558    1650     590     531     589    1648
              567    1681     569    1641     590

          name KEY_F2
             8994    4471     560     561     558     540
              524     591     559     559     562    1691
              550    1679     563     557     533     613
              512    1675     566    1677     562    1686
              498    1706     561     564     558     561
              560    1680     559    1717     498    1677
              566    1678     563    1654     528    1707
              563    1676     566     561     560     560
              558     587     477     591     559     561
              559     559     561     561     563     567
              554    1654     554    1682     563

          name KEY_F3
             8995    4468     561     556     564     535
              555     559     547     574     564    1677
              563    1677     564     534     580     564
              536    1678     573    1665     564    1678
              484    1727     566     556     563     557
              563    1687     554    1703     509    1679
              563     561     564     556     559    1691
              523     561     504     617     563     556
              563    1704     537     557     563    1656
              557    1689     554     556     564    1676
              563    1655     560    1675     567

          name KEY_PREVIOUS
             1690     786     345    1239     329     457
              406    1179     407    1184     408     375
              404     400     408     380     414     417
              409     347     404     401     408     374
              408     402     403     378     404     401
              326     457     407    1210     378     400
              378     403     406     394     389     400
              408     379     403     401     404    1185
              408     378     404

          name KEY_NEXT
             1681     792     323    1267     336     442
              408    1184     403    1183     409     379
              403     401     404     379     401     430
              382     375     407     398     406     380
              404     411     399     374     404     400
              403    1189     404     405     375     404
              376     406     408     378     400     400
              409     379     403     401     408     375
              404    1212     379

          name KEY_LEFT
             1681     788     332    1271     316     456
              403    1184     409    1179     408     378
              404     401     405     382     403     422
              381     380     404     400     409     375
              404     400     408     376     407     402
              403    1184     401     412     378     400
              372     407     407     380     403     401
              408     375     403     401     408     375
              408    1206     380

          name KEY_RIGHT
             1676     794     326    1261     325     455
              410    1180     407    1183     409     375
              404     399     409     378     405     426
              378     380     404     398     411     374
              408     401     403     380     404     400
              326     457     403    1214     377     412
              363     411     403     375     408     400
              407     380     403     397     408    1183
              408     375     404

          name KEY_SPACE
             9006    4476     544     558     562     535
              555     564     534     586     564    1677
              563    1675     566     534     581     565
              533    1677     564    1677     563    1685
              478    1728     565     555     565     554
              565    1676     562    1705     511    1688
              553    1675     564     561     557    1658
              558     561     565     555     564     557
              563    1702     536     538     579     534
              565    1677     563     559     561    1689
              553    1653     561    1676     563

          name KEY_MENU
             9013    4449     567     556     564     535
              554     562     563     554     567    1677
              562    1676     564     561     531     616
              507    1674     567    1677     564    1676
              486    1738     552     558     564     557
              563    1674     567    1702     513     556
              561     559     564    1688     552    1676
              508    1708     561     559     563     557
              563     582     537    1689     524    1679
              565     554     568     554     564     556
              564    1655     554    1693     553

          name KEY_POWER
             9027    4456     575     560     503     594
              555     562     559     561     559    1679
              561    1691     523     586     533     587
              537    1677     573    1667     563    1655
              559    1674     565     561     559     559
              566    1655     580    1681     538     557
              563     557     563     554     566     556
              538     582     507     591     559     561
              559     587     533    1688     562    1671
              533    1680     564    1676     565    1673
              567    1664     548    1676     564

          name KEY_BREAK
             9001    4469     557     560     559     535
              556     564     559     562     563    1677
              584    1657     574     525     580     564
              533    1677     564    1675     565    1677
              481    1743     553     555     565     557
              563    1675     567    1700     512    1676
              565    1701     539     556     563     535
              559     561     509     612     559    1681
              559     587     546     550     560     541
              578    1653     564    1676     564    1675
              566    1668     489     613     562

          name KEY_FN
             8995    4465     578     546     562     535
              554     561     533     585     566    1677
              563    1676     566     533     564     582
              532    1675     567    1677     563    1675
              487    1729     578     545     563     558
              565    1673     560    1707     511     556
              562    1681     579     540     562    1676
              534     565     507     609     561     559
              564    1703     537    1687     554     535
              558    1675     566     560     559    1677
              563    1655     574    1663     567

          name KEY_MODE
             8998    4475     554     556     564     534
              554     561     535     585     563    1677
              564    1676     563     550     570     565
              527    1684     562    1677     562    1676
              508    1715     556     557     564     555
              564    1676     562    1708     507    1677
              568     566     553    1676     563     534
              556     565     508     606     566     560
              559     586     534     559     565    1685
              473     612     507    1730     566    1678
              562    1655     555    1690     552

          name KEY_CHANNELUP
             8998    4472     558     571     548     538
              556     558     537     584     564    1676
              564    1676     564     559     534     593
              525    1683     562    1676     563    1677
              507    1705     566     561     560     559
              565    1675     560    1706     509    1680
              562    1687     554    1676     508     590
              559     558     563     560     559     561
              559    1706     537     545     572     533
              534     584     567    1676     562    1677
              563    1654     559    1679     566

          name KEY_CHANNELDOWN
             9012    4465     556     556     562     536
              554     561     546     572     566    1675
              563    1681     563     546     570     564
              534    1674     566    1675     564    1676
              486    1730     566     556     563     556
              564    1675     564    1703     512    1674
              566    1689     554    1675     481     614
              562     556     562     559     563     556
              563    1718     527     534     581     535
              507     612     561    1679     564    1676
              564    1664     549    1674     568

          name KEY_VOLUMEUP
             8998    4476     552     554     566     534
              554     561     538     582     564    1687
              552    1675     566     538     581     565
              534    1677     562    1678     567    1672
              483    1733     563     556     564     557
              562    1677     563    1715     501    1676
              563     556     565     555     565    1674
              566     534     507     613     560     560
              564     582     538     557     563    1648
              588    1655     564     555     564    1687
              554    1652     583    1654     564

          name KEY_VOLUMEDOWN
             8996    4466     567     556     563     533
              556     561     532     588     563    1676
              564    1677     562     535     585     561
              534    1680     562    1675     565    1678
              480    1733     563     557     563     557
              561    1679     563    1716     502     556
              564    1675     563     558     563    1676
              559     539     508     607     564     558
              563     587     530    1684     558     539
              581    1654     564     556     563    1675
              567    1654     579    1656     563

          name KEY_PAGEUP
             9005    4464     562     555     563     535
              556     565     533     586     563    1675
              566    1675     563     536     582     563
              534    1676     563    1674     567    1677
              485    1743     553     556     563     556
              561    1679     564    1702     512     556
              563     557     564     567     551     559
              563     560     560     534     555     566
              563    1703     537    1673     566    1665
              571    1655     563    1676     564    1674
              567    1655     560    1677     563

          name KEY_PAGEDOWN
             8999    4459     561     555     564     536
              554     567     532     587     562    1674
              567    1676     562     534     584     562
              533    1690     553    1678     563    1677
              485    1728     563     557     560     565
              562    1686     553    1703     510     557
              564     555     565     553     567     555
              564     560     559     534     556     565
              563    1703     536    1675     566    1653
              560    1691     549    1678     566    1676
              563    1655     559    1676     573

          name KEY_MUTE
             9006    4455     562     559     559     535
              555     564     535     585     564    1675
              566    1675     564     534     580     566
              533    1677     563    1677     568    1675
              481    1732     563     557     562     558
              563    1688     552    1702     516    1676
              590    1649     566     555     564    1663
              550     556     564     556     563     555
              565     582     540     561     557     539
              582    1663     554     556     564    1674
              566    1654     555    1687     557

      end raw_codes

end remote
